季后赛
绿军
东部
西部
骑士
世界杯
NBA
火箭
常规赛
勇士
1
[1]
null
2
[14, 18, 22, 27, 37, 38, 44, 49]
[季后赛, 骑士, NBA]
3
[14, 18, 22, 27, 37, 38, 44, 49]
[季后赛, 骑士, 火箭]
4
[14, 18, 22, 27, 37, 38, 44, 49]
[火箭, 常规赛]
5
[14, 18, 22, 27, 37, 38, 44, 49]
[骑士]
6
[14, 18, 22, 26, 27, 38, 49, 52, 68]
[季后赛, 东部, NBA, 常规赛]
7
[14, 18, 22, 27, 37, 38, 44, 49]
[NBA, 火箭, 常规赛]
8
[14, 18, 22, 27, 37, 38, 44, 49]
[季后赛, NBA, 火箭]
9
[14, 18, 22, 27, 37, 38, 44, 49]
[骑士, NBA, 常规赛]
10
[1]
[绿军]
11
[14, 18, 22, 27, 37, 38, 44, 49]
[骑士, 常规赛]
12
[17, 26, 37, 44, 66, 68]
[西部, 火箭]
13
[14, 18, 22, 27, 37, 38, 44, 49]
[季后赛, 骑士, NBA, 火箭, 常规赛]
14
[1]
[常规赛]
15
[14, 18, 22, 26, 27, 38, 49, 52, 68]
[季后赛, 东部, NBA]
16
[14, 18, 22, 26, 27, 38, 49, 52, 68]
[季后赛, 东部, 西部, 常规赛]
17
[1]
[勇士]
18
[1]
[季后赛, 常规赛]
19
[14, 18, 22, 26, 27, 38, 49, 52, 68]
[季后赛, 西部, 常规赛]
20
[14, 18, 22, 27, 37, 38, 44, 49]
[骑士, NBA, 火箭, 常规赛]
21
[1]
[NBA]
22
[1]
[季后赛]
23
[17, 26, 37, 44, 66, 68]
[西部, NBA, 火箭, 勇士]
24
[17, 26, 37, 44, 66, 68]
[西部, NBA, 勇士]
25
[14, 18, 22, 26, 27, 38, 49, 52, 68]
[季后赛, 西部]
26
[1]
[西部, NBA]
27
[1]
[NBA, 常规赛]
28
[14, 18, 22, 26, 27, 38, 49, 52, 68]
[东部, NBA, 常规赛]
29
[10, 17, 66]
[绿军, NBA]
30
[14, 18, 22, 26, 27, 38, 49, 52, 68]
[东部, NBA]
31
[14, 18, 22, 26, 27, 38, 49, 52, 68]
[东部, 西部, NBA]
32
[10, 17, 66]
[绿军, 勇士]
33
[14, 18, 22, 26, 27, 38, 49, 52, 68]
[季后赛, 东部]
34
[17, 26, 37, 44, 66, 68]
[西部, 勇士]
35
[14, 18, 22, 27, 37, 38, 44, 49]
[季后赛, 火箭, 常规赛]
36
[14, 18, 22, 27, 37, 38, 44, 49]
[骑士, NBA]
37
[1]
[NBA, 火箭]
38
[1]
[季后赛, NBA]
39
[14, 18, 22, 27, 37, 38, 44, 49]
[季后赛, NBA, 火箭, 常规赛]
40
[14, 18, 22, 27, 37, 38, 44, 49]
[季后赛, 骑士, 火箭, 常规赛]
41
[14, 18, 22, 27, 37, 38, 44, 49]
[骑士, NBA, 火箭]
42
[17, 26, 37, 44, 66, 68]
[西部, NBA, 火箭]
43
[14, 18, 22, 27, 37, 38, 44, 49]
[季后赛, 骑士, NBA, 常规赛]
44
[1]
[火箭]
45
[14, 18, 22, 26, 27, 38, 49, 52, 68]
[季后赛, 西部, NBA, 常规赛]
46
[14, 18, 22, 26, 27, 38, 49, 52, 68]
[季后赛, 东部, 西部]
47
[14, 18, 22, 26, 27, 38, 49, 52, 68]
[季后赛, 东部, 常规赛]
48
[14, 18, 22, 27, 37, 38, 44, 49]
[季后赛, 火箭]
49
[1]
[季后赛, NBA, 常规赛]
50
[17, 26, 37, 44, 66, 68]
[火箭, 勇士]
51
[14, 18, 22, 26, 27, 38, 49, 52, 68]
[季后赛, 西部, NBA]
52
[1]
[东部]
53
[10, 52]
[绿军, 东部]
54
[14, 18, 22, 27, 37, 38, 44, 49]
[季后赛, 骑士]
55
[17, 26, 37, 44, 66, 68]
[NBA, 火箭, 勇士]
56
[14, 18, 22, 26, 27, 38, 49, 52, 68]
[季后赛, 东部, 西部, NBA, 常规赛]
57
[17, 26, 37, 44, 66, 68]
[西部, 火箭, 勇士]
58
[1]
[世界杯]
59
[14, 18, 22, 26, 27, 38, 49, 52, 68]
[东部, 常规赛]
60
[10, 17, 66]
[绿军, NBA, 勇士]
61
[14, 18, 22, 26, 27, 38, 49, 52, 68]
[西部, 常规赛]
62
[1]
[世界杯, NBA]
63
[14, 18, 22, 26, 27, 38, 49, 52, 68]
[西部, NBA, 常规赛]
64
[14, 18, 22, 27, 37, 38, 44, 49]
[骑士, 火箭]
65
[14, 18, 22, 26, 27, 38, 49, 52, 68]
[季后赛, 东部, 西部, NBA]
66
[1]
[NBA, 勇士]
67
[14, 18, 22, 26, 27, 38, 49, 52, 68]
[东部, 西部, NBA, 常规赛]
68
[1]
[西部]
69
[14, 18, 22, 26, 27, 38, 49, 52, 68]
[东部, 西部]
70
[14, 18, 22, 26, 27, 38, 49, 52, 68]
[东部, 西部, 常规赛]
71
[14, 18, 22, 27, 37, 38, 44, 49]
[季后赛, 骑士, 常规赛]
72
[14, 18, 22, 27, 37, 38, 44, 49]
[季后赛, 骑士, NBA, 火箭]
73
[14, 18, 22, 27, 37, 38, 44, 49]
[骑士, 火箭, 常规赛]
这就是毕设！
